Главный вход
[1860, 1870]
[3, 8]
101
[2051, 950]
[3, 4]
102
[2181, 950]
[3, 4]
103
[2352, 950]
[3, 4]
104
[2522, 950]
[3, 4]
105
[2688, 950]
[3, 4]
106
[2964, 1138]
[4, 6]
107
[2964, 1345]
[4, 6]
110
[2964, 1073]
[4, 6]
111
[2964, 828]
[4, 5]
112
[2964, 613]
[4, 5]
115
[2964, 473]
[4, 5]
115-2
[2964, 726]
[4, 5]
Женский туалет
[2749, 950]
[3, 4]
116
[2626, 950]
[3, 4]
117а
[2510, 950]
[3, 4]
117
[2402, 950]
[3, 4]
118
[2309, 950]
[3, 4]
119
[2213, 950]
[3, 4]
120а
[2109, 950]
[3, 4]
120
[1998, 950]
[3, 4]
121
[1723, 950]
[1, 3]
122
[1618, 950]
[1, 3]
123
[1504, 950]
[1, 3]
124
[1398, 950]
[1, 3]
125
[1297, 950]
[1, 3]
126
[1197, 950]
[1, 3]
Мужской туалет
[1086, 950]
[1, 3]
127
[851, 733]
[0, 1]
128
[851, 686]
[0, 1]
129
[851, 630]
[0, 1]
130
[851, 573]
[0, 1]
131
[851, 484]
[0, 1]
133
[851, 691]
[0, 1]
134
[851, 822]
[0, 1]
135
[851, 1017]
[1, 2]
136
[851, 1118]
[1, 2]
137-1
[531, 1343]
[2, 9]
137-2
[518, 1343]
[2, 9]
137-3
[325, 1343]
[2, 9]
137-4
[364, 1343]
[2, 9]
138
[851, 1366]
[1, 2]
139
[851, 1221]
[1, 2]
140
[1135, 950]
[1, 3]
141
[1303, 950]
[1, 3]
142
[1393, 950]
[1, 3]
143
[1494, 950]
[1, 3]
144
[1596, 950]
[1, 3]
145
[1699, 950]
[1, 3]
148
[3695, 1310]
[6, 7]
149
[3513, 1310]
[6, 7]
150
[3270, 1310]
[6, 7]
151
[3215, 1310]
[6, 7]
152
[3333, 1310]
[6, 7]
153
[3433, 1310]
[6, 7]
154
[3543, 1310]
[6, 7]
